 NOA     110385 2024  95  0 48 48.000
ARCES P1       2024  4  4  0 48  1.350  0.50  89.69 12.00  5.54  2.50 TASD__  0.348         1.03  192.90   794637
ARCES p        2024  4  4  0 48  3.100  0.50 101.22  8.80  7.06  1.20 _A____  0.344         1.56   38.30   794639
ARCES p        2024  4  4  0 48  5.600  0.50  92.37  8.80  6.66  1.20 _A____  0.500         6.04   22.00   794641
ARCES p        2024  4  4  0 48 11.475  1.00  91.59  8.80  7.10  1.20 _A____  0.429         3.31    9.30   794643
EKA   P1       2024  4  4  0 49 54.350  0.50  61.90  4.00  6.66  0.50 TASD__  0.000         0.00   25.70   140755
EKA   p        2024  4  4  0 49 55.750  0.50  61.70  4.40  6.28  0.50 _A____  0.000         0.00   25.40   140760
EKA   p        2024  4  4  0 49 56.325  0.50  62.10  4.40  6.74  0.50 _A____  0.000         0.00   25.80   140765
EKA   p        2024  4  4  0 50  0.450  1.00  63.60  4.40  6.62  0.50 _A____  0.000         0.00   13.60   140770
EKA   p        2024  4  4  0 50  2.100  1.00  66.40  4.40  5.91  0.50 _A____  0.000         0.00   12.10   140775
HFA0  P1       2024  4  4  0 48 44.000  0.50  83.30 13.00  8.30  2.50 TASD__  0.625        26.52   75.60    90844
HFA0  p        2024  4  4  0 48 46.612  0.50  88.40 14.30  7.85  2.50 _A____  0.526        31.21   96.60    90845
HFA0  p        2024  4  4  0 48 48.725  0.50  86.00 14.30  8.70  2.50 _A____  0.549        32.52   95.60    90846
HFA0  p        2024  4  4  0 48 50.425  0.50  86.40 14.30  8.01  2.50 _A____  0.549        16.00  115.80    90847
HFA0  p        2024  4  4  0 48 53.550  1.00  98.30 14.30  7.78  2.50 _A____  0.426         9.19    7.50    90848
NB2   P1       2024  4  4  0 48 48.000  0.50  78.10  4.00  7.51  0.50 TAS___  2.381       273.51   85.40   110385
NORES P1       2024  4  4  0 48 50.175  0.50  70.16 13.00  6.33  2.50 TASD__  0.380         5.01   94.80   794673
NORES p        2024  4  4  0 48 51.700  0.50  75.06 14.30  6.13  2.50 _A____  0.403         5.52  113.80   794675
NORES p        2024  4  4  0 48 55.700  0.50  69.06 14.30  6.29  2.50 _A____  0.444        10.15  120.80   794676
SPITS P1       2024  4  4  0 48 28.738  0.50  91.40 13.00  9.93  2.50 TASD__  0.427         1.42   28.60   794660
SPITS p        2024  4  4  0 48 32.700  0.50  94.90 14.30 13.10  2.50 _A____  0.407         2.40   44.90   794661
SPITS p        2024  4  4  0 48 34.275  0.50  73.00 14.30  7.51  2.50 _A____  0.472         3.84   41.90   794662
AKASG P1       2024  4  4  0 47 46.889  0.50  73.60  4.00  8.36  0.50 TASD__  0.000         0.00   38.30   448905
AKASG p        2024  4  4  0 47 48.300  0.50  66.20  4.40  7.83  0.50 _A____  0.000         0.00   86.90   448910
AKASG p        2024  4  4  0 47 48.300  0.50  66.20  4.40  7.89  0.50 _A____  0.000         0.00   59.40   448915
AKASG p        2024  4  4  0 47 50.925  0.50  69.70  4.40  7.89  0.50 _A____  0.000         0.00   21.20   448920
AKASG p        2024  4  4  0 47 55.675  1.00  69.80  4.40  7.51  0.50 _A____  0.000         0.00   16.40   448925
AKASG p        2024  4  4  0 47 57.000  1.00  70.10  4.40  7.62  0.50 _A____  0.000         0.00   14.40   448930
AKASG p        2024  4  4  0 48  1.900  1.00  66.70  4.40  7.67  0.50 _A____  0.000         0.00   13.00   448940
AKASG p        2024  4  4  0 48  4.475  1.00  65.20  4.40  7.32  0.50 _A____  0.000         0.00   14.60   448945
AKASG p        2024  4  4  0 48  5.414  1.00  63.30  4.40  8.06  0.50 _A____  0.000         0.00   14.90   448950
AKASG p        2024  4  4  0 48  7.525  1.00  64.40  4.40  8.18  0.50 _A____  0.000         0.00   15.80   448955
AKASG p        2024  4  4  0 48 11.575  1.00  68.70  4.40  8.06  0.50 _A____  0.000         0.00   16.80   448965
AKASG p        2024  4  4  0 48 12.300  1.00  69.20  4.40  7.67  0.50 _A____  0.000         0.00   13.00   448970
AKASG p        2024  4  4  0 48 16.764  1.00  68.60  4.40  8.18  0.50 _A____  0.000         0.00   13.70   448975
AKASG p        2024  4  4  0 48 19.588  1.00  65.80  4.40  8.30  0.50 _A____  0.000         0.00   13.40   448980
AKASG p        2024  4  4  0 48 22.064  1.00  67.50  4.40  7.94  0.50 _A____  0.000         0.00   13.70   448985
AKASG p        2024  4  4  0 48 22.612  1.00  67.20  4.40  7.94  0.50 _A____  0.000         0.00   13.10   448990
AKASG p        2024  4  4  0 48 24.612  1.00  66.60  4.40  8.30  0.50 _A____  0.000         0.00   11.10   448995
AKASG p        2024  4  4  0 48 30.625  1.00  65.10  4.40  8.49  0.50 _A____  0.000         0.00   14.20   449005
AKASG p        2024  4  4  0 48 31.350  1.00  65.10  4.40  8.55  0.50 _A____  0.000         0.00   12.90   449010
AKASG p        2024  4  4  0 48 32.650  1.00  65.90  4.40  8.42  0.50 _A____  0.000         0.00   10.70   449015
AKASG p        2024  4  4  0 48 36.900  1.00  70.20  4.40  7.72  0.50 _A____  0.000         0.00   13.10   449020
AKASG p        2024  4  4  0 48 38.612  1.00  67.20  4.40  8.55  0.50 _A____  0.000         0.00   12.10   449025
AKASG p        2024  4  4  0 48 39.225  1.00  71.20  4.40  7.41  0.50 _A____  0.000         0.00   11.10   449030
AKASG p        2024  4  4  0 48 41.800  1.00  68.50  4.40  9.50  0.50 _A____  0.000         0.00   10.10   449035
AKASG p        2024  4  4  0 48 44.100  1.00  70.70  4.40  9.11  0.50 _A____  0.000         0.00    8.30   449040
AKASG p        2024  4  4  0 48 48.750  1.00  71.90  4.40  9.34  0.50 _A____  0.000         0.00    9.90   449050
AKASG p        2024  4  4  0 48 50.400  1.00  63.00  4.40  8.69  0.50 _A____  0.000         0.00   12.60   449055
AKASG p        2024  4  4  0 48 50.525  1.00  65.20  4.40  8.55  0.50 _A____  0.000         0.00   12.20   449060
AKASG p        2024  4  4  0 48 54.475  1.00  66.30  4.40  9.11  0.50 _A____  0.000         0.00    9.70   449065
AKASG p        2024  4  4  0 48 56.575  1.00  66.60  4.40  7.36  0.50 _A____  0.000         0.00   11.60   449070
AKASG p        2024  4  4  0 48 57.400  1.00  66.90  4.40  8.76  0.50 _A____  0.000         0.00    9.80   449075
AKASG p        2024  4  4  0 49  1.338  1.00  65.10  4.40  8.90  0.50 _A____  0.000         0.00    8.90   449080
AKASG p        2024  4  4  0 49  2.350  1.00  64.60  4.40  9.42  0.50 _A____  0.000         0.00    8.30   449085
AKASG p        2024  4  4  0 49  4.750  1.00  69.40  4.40  8.00  0.50 _A____  0.000         0.00    6.40   449090
AKASG p        2024  4  4  0 49  6.213  1.00  69.60  4.40  7.41  0.50 _A____  0.000         0.00    7.30   449095
AKASG p        2024  4  4  0 49  7.950  1.00  68.30  4.40  7.83  0.50 _A____  0.000         0.00    7.50   449100
AKASG p        2024  4  4  0 49 10.513  1.00  67.10  4.40  6.18  0.50 _A____  0.000         0.00    6.20   449105
AKASG p        2024  4  4  0 49 14.412  1.00  66.10  4.40 11.12  0.50 _A____  0.000         0.00    6.50   449110
AKASG p        2024  4  4  0 49 17.013  1.00  67.60  4.40 10.30  0.50 _A____  0.000         0.00    6.90   449115
AKASG p        2024  4  4  0 49 19.863  1.00  66.30  4.40  9.50  0.50 _A____  0.000         0.00    8.00   449120
AKASG p        2024  4  4  0 49 21.714  1.00  66.00  4.40  9.11  0.50 _A____  0.000         0.00    7.40   449125
AKASG p        2024  4  4  0 49 25.650  1.00  61.40  4.40  9.42  0.50 _A____  0.000         0.00    7.70   449135
AKASG p        2024  4  4  0 49 25.300  1.00  61.50  4.40  9.50  0.50 _A____  0.000         0.00    7.10   449140
AKASG p        2024  4  4  0 49 29.650  0.50  65.00  4.40 10.49  0.50 _A____  0.000         0.00   26.60   449145
AKASG p        2024  4  4  0 49 30.850  0.50  63.10  4.40 11.98  0.50 _A____  0.000         0.00   20.50   449150
AKASG p        2024  4  4  0 49 33.450  0.50  71.50  4.40  9.59  0.50 _A____  0.000         0.00   22.00   449155
AKASG p        2024  4  4  0 49 34.050  1.00  72.60  4.40 10.02  0.50 _A____  0.000         0.00   18.40   449160
AKASG p        2024  4  4  0 49 36.763  1.00  68.60  4.40  6.35  0.50 _A____  0.000         0.00   10.80   449165
AKASG p        2024  4  4  0 49 39.825  1.00  72.70  4.40  9.84  0.50 _A____  0.000         0.00   14.80   449170
AKASG p        2024  4  4  0 49 39.825  1.00  72.10  4.40 10.11  0.50 _A____  0.000         0.00    8.30   449175
AKASG p        2024  4  4  0 49 43.825  1.00  68.00  4.40  9.19  0.50 _A____  0.000         0.00   11.70   449180
AKASG p        2024  4  4  0 49 45.800  1.00  70.90  4.40 10.20  0.50 _A____  0.000         0.00   10.00   449185
AKASG p        2024  4  4  0 49 48.725  1.00  73.20  4.40 10.90  0.50 _A____  0.000         0.00    8.90   449190
AKASG p        2024  4  4  0 49 51.150  1.00  74.30  4.40 10.69  0.50 _A____  0.000         0.00   12.80   449195
AKASG p        2024  4  4  0 49 50.950  1.00  68.20  4.40 10.30  0.50 _A____  0.000         0.00   11.40   449200
AKASG p        2024  4  4  0 49 53.925  1.00  67.70  4.40  9.50  0.50 _A____  0.000         0.00    9.30   449205
AKASG p        2024  4  4  0 49 56.513  1.00  57.50  4.40 10.20  0.50 _A____  0.000         0.00   15.50   449210
AKASG p        2024  4  4  0 49 58.350  1.00  68.30  4.40  9.84  0.50 _A____  0.000         0.00   12.80   449215
AKASG p        2024  4  4  0 50  8.150  1.00  71.90  4.40 11.01  0.50 _A____  0.000         0.00    8.40   449240
AKASG p        2024  4  4  0 50 11.388  1.00  67.60  4.40 10.39  0.50 _A____  0.000         0.00    9.60   449245
AKASG p        2024  4  4  0 50 13.175  1.00  71.40  4.40 10.49  0.50 _A____  0.000         0.00   10.00   449250
AKASG p        2024  4  4  0 50 16.363  1.00  71.70  4.40 10.49  0.50 _A____  0.000         0.00    9.30   449255
AKASG p        2024  4  4  0 50 17.325  1.00  73.30  4.40 12.42  0.50 _A____  0.000         0.00   11.00   449260
AKASG p        2024  4  4  0 50 19.925  1.00  72.90  4.40 12.71  0.50 _A____  0.000         0.00    7.30   449265
AKASG p        2024  4  4  0 50 21.725  1.00  73.10  4.40  8.97  0.50 _A____  0.000         0.00    6.60   449270
AKASG p        2024  4  4  0 50 24.850  1.00  65.10  4.40 11.97  0.50 _A____  0.000         0.00    6.60   449275
AKASG p        2024  4  4  0 50 29.175  1.00  66.90  4.40  8.62  0.50 _A____  0.000         0.00    6.50   449285
AKASG p        2024  4  4  0 50 41.950  1.00  69.20  4.40 10.11  0.50 _A____  0.000         0.00    7.10   449315
AKASG p        2024  4  4  0 50 43.125  1.00  70.70  4.40 10.11  0.50 _A____  0.000         0.00    7.20   449320
AKASG p        2024  4  4  0 50 45.075  1.00  75.10  4.40 11.17  0.50 _A____  0.000         0.00    6.40   449325
BEAR  P1       2024  4  4  0 48 21.320  0.50  99.60 13.00  8.49  2.50 TASD__  0.613        18.55   20.10   794644
BEAR  p        2024  4  4  0 48 22.270  0.50  92.40 14.30 10.39  2.50 _A____  0.637        23.14   20.50   794646
BEAR  p        2024  4  4  0 48 25.950  1.00  92.60 14.30  7.89  2.50 _A____  0.680        49.92   16.50   794647
STA   PHASE    YEAR MO DD HH MI  SEC    dT    BAZ    dAZ   P      dP          PER     AMPLITUDE     SNR  FKX-NR
